<svg  xmlns="http://www.w3.org/2000/svg"
	xmlns:xlink="http://www.w3.org/1999/xlink">

<line x1="29" y1="74" x2="92" y2="15" style="stroke:#ff0000;"/>

<line x1="76" y1="138" x2="101" y2="80" style="stroke:#ff0000;"/>

<line x1="308" y1="70" x2="379" y2="44" style="stroke:#ff0000;"/>

<polygon points="410,94 409,98 407,102 404,106 399,110 394,113 388,115 381,117 373,118 366,119 359,118 351,117 345,115 338,113 333,110 328,106 325,102 323,98 322,94 323,90 325,86 328,82 333,78 338,75 344,73 351,71 359,70 366,69 373,70 381,71 388,73 394,75 399,78 404,82 407,86 409,90 410,94 " style="stroke:#ff0000; fill:#0000ff;"/>

<line x1="20" y1="28" x2="72" y2="83" style="stroke:#ff0000;"/>

<polygon points="227,44 226,46 224,49 221,51 216,53 211,55 205,56 198,58 191,58 184,59 177,58 170,58 163,56 157,55 152,53 147,51 144,49 142,46 141,44 142,42 144,39 147,37 152,35 157,33 163,32 170,30 177,30 184,29 191,30 198,30 205,32 211,33 216,35 221,37 224,39 226,42 227,44 " style="stroke:#ff0000; fill:#0000ff;"/>

<polygon points="266,69 265,73 263,77 260,81 256,85 251,88 246,91 239,93 232,94 226,95 220,94 213,93 207,91 201,88 196,85 192,81 189,77 187,73 186,69 187,65 189,61 192,56 196,53 201,50 206,47 213,45 220,44 226,43 232,44 239,45 246,47 251,50 256,53 260,56 263,61 265,65 266,69 " style="stroke:#ff0000; fill:#0000ff;"/>

<polygon points="251,134 250,143 250,153 249,161 248,169 247,176 246,182 244,186 242,189 241,190 240,189 238,186 237,182 235,176 234,169 233,161 232,153 232,143 231,134 232,125 232,115 233,106 234,99 235,92 236,86 238,82 240,79 241,78 242,79 244,82 246,86 247,92 248,99 249,106 250,115 250,125 251,134 " style="stroke:#ff0000; fill:#0000ff;"/>

<polygon points="97,126 96,128 96,131 95,133 94,135 93,137 92,138 90,140 88,140 87,141 86,140 84,140 83,138 81,137 80,135 79,133 78,131 78,128 77,126 78,124 78,121 79,119 80,117 81,115 82,114 84,112 86,112 87,111 88,112 90,112 92,114 93,115 94,117 95,119 96,121 96,124 97,126 " style="stroke:#ff0000; fill:#0000ff;"/>

<polygon points="148,148 147,150 147,153 146,155 145,157 144,159 143,160 141,162 139,162 138,163 137,162 135,162 134,160 132,159 131,157 130,155 129,153 129,150 128,148 129,146 129,143 130,141 131,139 132,137 133,136 135,134 137,134 138,133 139,134 141,134 143,136 144,137 145,139 146,141 147,143 147,146 148,148 " style="stroke:#ff0000; fill:#0000ff;"/>

<polygon points="262,207 261,209 261,212 260,214 259,216 258,218 257,219 255,221 253,221 252,222 251,221 249,221 248,219 246,218 245,216 244,214 243,212 243,209 242,207 243,205 243,202 244,200 245,198 246,196 247,195 249,193 251,193 252,192 253,193 255,193 257,195 258,196 259,198 260,200 261,202 261,205 262,207 " style="stroke:#ff0000; fill:#0000ff;"/>


</svg>
